{"name":"AXIAL-01A","lat":45.9258,"lon":-129.9788,"depth":-1520.0,"thickness":703.0,"d_1":0,"d_2":213,"d_3":421,"d_4":704,"d_5":1388,"d_6":920,"d_7":1204,"d_8":500,"d_9":1888}
{"name":"AXIAL-02A","lat":45.9239309043,"lon":-129.9781700309,"depth":-1523.0,"thickness":643.0,"d_1":213,"d_2":0,"d_3":325,"d_4":491,"d_5":1259,"d_6":798,"d_7":990,"d_8":497,"d_9":1756}
{"name":"AXIAL-03A","lat":45.9240535939,"lon":-129.973988446,"depth":-1530.0,"thickness":604.0,"d_1":421,"d_2":325,"d_3":0,"d_4":535,"d_5":967,"d_6":500,"d_7":983,"d_8":232,"d_9":1467}
{"name":"AXIAL-04A","lat":45.9196321485,"lon":-129.9767271866,"depth":-1533.0,"thickness":560.0,"d_1":704,"d_2":491,"d_3":535,"d_4":0,"d_5":1071,"d_6":706,"d_7":500,"d_8":765,"d_9":1525}
{"name":"AXIAL-05A","lat":45.92003065,"lon":-129.96292517,"depth":-1559.0,"thickness":493.0,"d_1":1388,"d_2":1259,"d_3":967,"d_4":1071,"d_5":0,"d_6":468,"d_7":1095,"d_8":972,"d_9":500}
{"name":"AXIAL-06A","lat":45.92198,"lon":-129.96827,"depth":-1543.0,"thickness":547.0,"d_1":920,"d_2":798,"d_3":500,"d_4":706,"d_5":468,"d_6":0,"d_7":924,"d_8":529,"d_9":967}
{"name":"AXIAL-07A","lat":45.91525,"lon":-129.97527,"depth":-1545.0,"thickness":577.0,"d_1":1204,"d_2":990,"d_3":983,"d_4":500,"d_5":1095,"d_6":924,"d_7":0,"d_8":1194,"d_9":1432}
{"name":"AXIAL-08A","lat":45.9258,"lon":-129.97235,"depth":-1533.0,"thickness":610.0,"d_1":500,"d_2":497,"d_3":232,"d_4":765,"d_5":972,"d_6":529,"d_7":1194,"d_8":0,"d_9":1462}
{"name":"AXIAL-09A","lat":45.917954,"lon":-129.957211,"depth":-1579.0,"thickness":538.0,"d_1":1888,"d_2":1756,"d_3":1467,"d_4":1525,"d_5":500,"d_6":967,"d_7":1432,"d_8":1462,"d_9":0}